12 15
1 3 16 10 11 5 1 14 14 19 8 11 17 1 2 58
14 1 8 2 9 14 12 19 17 11 2 14 9 15 19 79
6 1 15 7 13 16 20 8 5 20 15 16 14 2 13 90
6 9 16 10 5 6 8 4 10 18 19 2 19 11 11 39
20 10 6 2 19 2 11 8 6 19 11 10 19 2 16 80
17 3 1 14 18 13 15 15 20 18 5 7 8 11 12 86
9 17 6 9 11 10 6 4 4 12 17 1 11 10 20 78
12 18 13 17 4 5 15 3 2 6 1 9 1 15 19 31
4 7 18 14 4 14 8 8 10 3 12 17 12 20 12 23
20 9 3 12 6 10 10 20 3 4 7 13 3 14 13 83
5 10 8 5 1 19 9 3 19 9 3 18 2 4 2 43
6 3 16 10 7 10 17 19 14 5 14 19 6 18 10 56
64 84 78 52 96 67 49 85 72 73 99 96 87 36 292