18 20
1 3 16 10 11 5 1 14 14 19 8 11 17 1 2 11 14 1 8 2 47
14 12 19 17 11 2 14 9 15 19 16 6 1 15 7 13 16 20 8 5 99
15 16 14 2 13 18 6 9 16 10 5 6 8 4 10 18 19 2 19 11 56
7 20 10 6 2 19 2 11 8 6 19 11 10 19 2 16 16 17 3 1 72
18 13 15 15 20 18 5 7 8 11 12 17 9 17 6 9 11 10 6 4 23
12 17 1 11 10 20 15 12 18 13 17 4 5 15 3 2 6 1 9 1 74
19 5 4 7 18 14 4 14 8 8 10 3 12 17 12 20 12 3 20 9 22
12 6 10 10 20 3 4 7 13 3 14 13 17 5 10 8 5 1 19 9 22
19 9 3 18 2 4 2 8 6 3 16 10 7 10 17 19 14 5 14 19 32
18 10 11 13 17 16 10 20 13 9 17 14 15 20 20 18 6 11 11 3 47
12 18 9 15 18 15 17 15 15 1 18 11 10 2 15 10 14 14 4 19 88
18 11 3 10 20 5 9 7 11 18 9 10 17 8 5 20 4 13 13 1 10
16 15 7 9 14 14 5 17 15 17 2 2 16 13 5 5 2 8 20 19 45
6 14 6 16 16 9 6 4 1 4 20 5 17 3 8 13 4 17 4 20 33
5 3 5 13 14 16 14 16 14 13 2 12 5 7 14 3 16 11 12 12 39
15 3 4 10 18 17 12 15 7 3 11 7 12 11 9 6 8 8 9 10 45
6 2 8 6 14 14 11 15 15 19 10 19 7 10 11 14 9 13 20 4 70
7 11 11 17 1 6 13 11 19 6 20 5 17 14 10 17 1 4 15 15 49
63 78 100 73 35 78 25 10 55 17 24 92 81 77 49 10 63 57 16 130