24 21
1 3 16 10 11 5 1 14 14 19 8 11 17 1 2 11 14 1 8 2 9 72
12 19 17 11 2 14 9 15 19 16 6 1 15 7 13 16 20 8 5 20 15 78
14 2 13 18 6 9 16 10 5 6 8 4 10 18 19 2 19 11 11 7 20 54
6 2 19 2 11 8 6 19 11 10 19 2 16 16 17 3 1 14 18 13 15 76
20 18 5 7 8 11 12 17 9 17 6 9 11 10 6 4 4 12 17 1 11 55
20 15 12 18 13 17 4 5 15 3 2 6 1 9 1 15 19 5 4 7 18 69
4 14 8 8 10 3 12 17 12 20 12 3 20 9 3 12 6 10 10 20 3 28
7 13 3 14 13 17 5 10 8 5 1 19 9 3 19 9 3 18 2 4 2 43
6 3 16 10 7 10 17 19 14 5 14 19 6 18 10 11 13 17 16 10 20 67
9 17 14 15 20 20 18 6 11 11 3 9 12 18 9 15 18 15 17 15 15 11
18 11 10 2 15 10 14 14 4 19 18 18 11 3 10 20 5 9 7 11 18 50
10 17 8 5 20 4 13 13 1 1 16 15 7 9 14 14 5 17 15 17 2 17
16 13 5 5 2 8 20 19 8 6 14 6 16 16 9 6 4 1 4 20 5 84
3 8 13 4 17 4 20 6 5 3 5 13 14 16 14 16 14 13 2 12 5 39
14 3 16 11 12 12 7 15 3 4 10 18 17 12 15 7 3 11 7 12 11 49
6 8 8 9 10 8 6 2 8 6 14 14 11 15 15 19 10 19 7 10 11 70
9 13 20 4 14 7 11 11 17 1 6 13 11 19 6 20 5 17 14 10 17 12
4 15 15 9 12 16 20 14 6 16 4 1 10 2 4 19 16 15 9 1 12 57
2 11 8 5 8 13 14 15 11 6 17 8 14 7 1 3 11 16 5 2 2 24
15 6 2 10 10 11 9 4 6 17 14 12 14 7 2 20 11 1 18 1 8 54
12 15 14 11 1 3 20 4 8 13 13 3 12 20 8 17 20 6 6 9 17 91
5 16 14 10 6 14 3 5 3 11 1 4 12 9 2 14 8 17 3 20 1 17
10 16 19 6 8 16 10 15 14 14 16 1 5 5 12 14 13 8 5 5 14 25
15 4 1 14 3 19 10 13 19 1 12 15 10 2 9 11 16 2 9 20 10 39
50 77 28 25 43 95 97 33 16 21 57 24 57 19 86 43 48 39 74 62 187