28 25
1 3 16 10 11 5 1 14 14 19 8 11 17 1 2 11 14 1 8 2 9 14 12 19 17 57
2 14 9 15 19 16 6 1 15 7 13 16 20 8 5 20 15 16 14 2 13 18 6 9 16 53
5 6 8 4 10 18 19 2 19 11 11 7 20 10 6 2 19 2 11 8 6 19 11 10 19 14
16 16 17 3 1 14 18 13 15 15 20 18 5 7 8 11 12 17 9 17 6 9 11 10 6 26
4 12 17 1 11 10 20 15 12 18 13 17 4 5 15 3 2 6 1 9 1 15 19 5 4 38
18 14 4 14 8 8 10 3 12 17 12 20 12 3 20 9 3 12 6 10 10 20 3 4 7 67
3 14 13 17 5 10 8 5 1 19 9 3 19 9 3 18 2 4 2 8 6 3 16 10 7 51
17 19 14 5 14 19 6 18 10 11 13 17 16 10 20 13 9 17 14 15 20 20 18 6 11 56
3 9 12 18 9 15 18 15 17 15 15 1 18 11 10 2 15 10 14 14 4 19 18 18 11 22
10 20 5 9 7 11 18 9 10 17 8 5 20 4 13 13 1 1 16 15 7 9 14 14 5 86
15 17 2 2 16 13 5 5 2 8 20 19 8 6 14 6 16 16 9 6 4 1 4 20 5 84
3 8 13 4 17 4 20 6 5 3 5 13 14 16 14 16 14 13 2 12 5 7 14 3 16 57
12 12 7 15 3 4 10 18 17 12 15 7 3 11 7 12 11 9 6 8 8 9 10 8 6 17
8 6 14 14 11 15 15 19 10 19 7 10 11 14 9 13 20 4 14 7 11 11 17 1 6 68
11 19 6 20 5 17 14 10 17 1 4 15 15 9 12 16 20 14 6 16 4 1 10 2 4 92
16 15 9 1 12 11 2 11 8 5 8 13 14 15 11 6 17 8 14 7 1 3 11 16 5 15
2 4 15 6 2 10 10 11 9 4 6 17 14 12 14 7 2 20 11 1 18 1 8 10 12 77
14 11 1 3 20 4 8 13 13 3 12 20 8 17 20 6 6 9 17 18 5 16 14 10 6 70
3 5 3 11 1 4 12 9 2 14 8 17 3 20 1 2 10 16 19 6 8 16 10 15 14 72
16 1 5 5 12 14 13 8 5 5 14 4 15 4 1 14 3 19 10 13 19 1 12 15 10 14
9 11 16 2 9 20 10 7 9 15 5 4 8 19 20 6 2 3 11 4 11 3 17 8 9 39
15 12 18 16 17 14 8 19 13 8 11 10 9 5 2 9 10 6 3 5 17 11 14 18 5 74
6 8 2 10 5 16 10 1 6 14 9 4 20 3 16 19 4 13 2 7 6 11 17 17 15 39
17 13 1 1 4 16 2 11 19 5 5 2 14 15 10 6 15 8 5 5 9 10 18 20 9 13
11 1 16 12 17 7 5 11 9 9 20 20 18 18 7 3 20 13 10 19 14 17 11 12 4 96
17 4 1 7 3 2 11 1 12 18 11 14 15 14 1 4 14 7 2 3 19 5 8 12 4 12
14 16 15 2 12 19 19 9 11 17 19 13 15 11 10 4 20 12 6 11 14 14 2 11 13 70
10 12 12 9 4 11 15 1 2 11 7 1 5 3 8 12 12 13 19 16 11 10 14 14 9 54
53 74 58 35 65 35 74 58 95 31 47 64 81 93 72 84 57 30 23 91 32 69 10 95 7