40 40
1 3 16 10 11 5 1 14 14 19 8 11 17 1 2 11 14 1 8 2 9 14 12 19 17 11 2 14 9 15 19 16 6 1 15 7 13 16 20 8 32
20 15 16 14 2 13 18 6 9 16 10 5 6 8 4 10 18 19 2 19 11 11 7 20 10 6 2 19 2 11 8 6 19 11 10 19 2 16 16 17 21
1 14 18 13 15 15 20 18 5 7 8 11 12 17 9 17 6 9 11 10 6 4 4 12 17 1 11 10 20 15 12 18 13 17 4 5 15 3 2 6 10
9 1 15 19 5 4 7 18 14 4 14 8 8 10 3 12 17 12 20 12 3 20 9 3 12 6 10 10 20 3 4 7 13 3 14 13 17 5 10 8 28
1 19 9 3 19 9 3 18 2 4 2 8 6 3 16 10 7 10 17 19 14 5 14 19 6 18 10 11 13 17 16 10 20 13 9 17 14 15 20 20 87
6 11 11 3 9 12 18 9 15 18 15 17 15 15 1 18 11 10 2 15 10 14 14 4 19 18 18 11 3 10 20 5 9 7 11 18 9 10 17 8 29
20 4 13 13 1 1 16 15 7 9 14 14 5 17 15 17 2 2 16 13 5 5 2 8 20 19 8 6 14 6 16 16 9 6 4 1 4 20 5 17 22
8 13 4 17 4 20 6 5 3 5 13 14 16 14 16 14 13 2 12 5 7 14 3 16 11 12 12 7 15 3 4 10 18 17 12 15 7 3 11 7 63
11 9 6 8 8 9 10 8 6 2 8 6 14 14 11 15 15 19 10 19 7 10 11 14 9 13 20 4 14 7 11 11 17 1 6 13 11 19 6 20 32
17 14 10 17 1 4 15 15 9 12 16 20 14 6 16 4 1 10 2 4 19 16 15 9 1 12 11 2 11 8 5 8 13 14 15 11 6 17 8 14 38
1 3 11 16 5 2 2 4 15 6 2 10 10 11 9 4 6 17 14 12 14 7 2 20 11 1 18 1 8 10 12 15 14 11 1 3 20 4 8 13 65
3 12 20 8 17 20 6 6 9 17 18 5 16 14 10 6 14 3 5 3 11 1 4 12 9 2 14 8 17 3 20 1 2 10 16 19 6 8 16 10 78
14 14 16 1 5 5 12 14 13 8 5 5 14 4 15 4 1 14 3 19 10 13 19 1 12 15 10 2 9 11 16 2 9 20 10 7 9 15 5 4 43
19 20 6 2 3 11 4 11 3 17 8 9 7 15 12 18 16 17 14 8 19 13 8 11 10 9 5 2 9 10 6 3 5 17 11 14 18 5 15 6 44
2 10 5 16 10 1 6 14 9 4 20 3 16 19 4 13 2 7 6 11 17 17 15 7 17 13 1 1 4 16 2 11 19 5 5 2 14 15 10 6 74
8 5 5 9 10 18 20 9 1 11 1 16 12 17 7 5 11 9 9 20 20 18 18 7 3 20 13 10 19 14 17 11 12 4 19 17 4 1 7 3 18
11 1 12 18 11 14 15 14 1 4 14 7 2 3 19 5 8 12 4 1 14 16 15 2 12 19 19 9 11 17 19 13 15 11 10 4 20 12 6 11 73
14 2 11 13 14 10 12 12 9 4 11 15 1 2 11 7 1 5 3 8 12 12 13 19 16 11 10 14 14 9 10 10 15 11 6 13 6 15 11 19 31
9 12 16 19 14 17 11 5 3 18 6 14 1 19 6 18 6 20 11 3 9 15 9 3 16 2 9 7 6 16 7 7 2 12 10 5 3 20 18 10 43
17 4 4 2 3 10 8 18 9 9 14 7 2 17 18 19 19 16 4 12 1 17 11 18 6 18 12 8 17 11 19 9 12 15 18 7 4 15 15 18 16
15 18 8 2 4 9 2 14 12 17 18 16 13 18 18 10 3 8 8 14 3 2 3 10 15 5 8 20 13 14 19 8 18 16 9 2 10 10 10 10 77
19 7 3 3 2 20 9 5 20 17 4 3 4 7 12 9 12 9 8 8 13 9 3 14 20 14 9 17 17 16 8 1 10 13 13 13 16 8 8 8 40
14 3 6 14 18 7 3 13 1 19 8 11 7 6 6 17 3 13 1 10 8 4 16 14 1 16 12 6 9 7 11 15 17 5 10 8 2 2 5 12 85
9 17 6 4 8 19 12 8 10 13 19 9 2 9 12 15 18 3 3 14 17 12 14 20 1 19 4 20 11 6 15 12 17 17 14 15 13 7 11 14 39
18 9 19 6 20 3 9 17 20 7 11 11 17 19 14 5 19 12 3 5 18 4 4 17 13 13 17 14 8 18 14 3 1 14 13 10 12 1 8 18 43
14 12 2 15 6 9 4 2 18 20 12 1 14 10 12 18 9 14 5 10 6 19 5 20 10 3 20 18 5 1 16 2 20 13 12 3 3 17 11 14 55
11 3 19 14 6 8 8 17 5 3 15 13 5 17 1 3 4 8 16 15 14 12 8 4 6 4 5 14 9 18 12 7 9 14 17 16 17 6 6 4 58
2 20 16 3 4 9 16 5 9 1 19 3 6 10 16 6 5 6 8 5 19 16 13 12 8 19 4 3 16 14 1 15 3 18 14 7 8 5 7 1 93
16 8 15 17 18 3 7 19 8 8 2 12 16 17 10 17 13 9 8 7 6 19 13 15 4 16 6 13 18 7 13 3 8 3 6 3 5 16 2 10 97
5 4 14 2 18 4 3 17 19 1 2 17 3 17 5 8 12 14 2 20 17 9 1 3 20 18 14 17 5 15 12 5 5 1 9 9 19 1 11 8 88
16 13 7 13 14 13 6 1 20 5 13 12 8 3 9 3 12 11 10 18 2 8 3 6 17 19 17 20 17 16 17 9 13 14 17 10 4 9 19 10 44
11 5 18 20 3 10 14 6 9 15 1 7 4 17 6 15 9 16 15 12 13 16 1 13 7 10 10 11 7 18 3 8 8 17 2 10 16 6 20 20 100
15 7 16 4 13 11 6 5 12 11 15 13 20 16 12 3 3 11 5 12 7 14 2 17 18 7 3 15 14 9 12 12 10 13 19 13 6 1 13 7 12
4 13 9 12 15 8 8 8 2 12 9 3 7 14 12 18 11 20 2 10 3 20 11 14 3 10 2 9 19 9 18 20 11 3 17 4 14 14 20 10 24
3 6 20 12 18 2 19 19 10 6 10 9 18 4 8 16 17 14 15 14 7 4 14 19 4 1 4 4 4 14 14 11 7 10 7 2 18 9 3 14 95
18 14 5 4 1 4 3 8 12 20 5 1 1 18 18 19 11 4 10 17 19 12 11 10 16 7 4 11 8 17 20 1 7 10 18 17 6 15 17 9 74
9 11 11 2 9 16 6 7 4 16 13 13 7 4 4 10 11 4 19 9 1 4 12 20 3 7 7 8 4 7 8 13 13 1 7 2 11 10 6 6 49
14 7 1 20 3 7 20 7 4 20 3 1 20 16 5 3 6 9 5 6 11 18 18 14 12 16 19 18 16 5 20 6 8 6 15 20 16 9 13 10 19
4 18 11 19 18 6 13 20 11 17 2 4 20 16 18 1 11 8 20 4 5 12 18 11 2 16 16 15 2 18 2 20 6 10 14 15 19 14 19 4 84
6 10 19 15 8 4 19 5 11 8 6 17 5 14 7 11 10 13 14 1 17 8 11 20 15 16 16 10 9 5 15 5 14 9 6 7 7 14 20 16 92
11 98 14 47 24 82 11 64 93 20 59 16 60 44 53 45 47 60 95 73 63 11 35 45 77 61 60 34 20 24 42 83 34 27 47 68 58 16 52 242