45 50
1 3 16 10 11 5 1 14 14 19 8 11 17 1 2 11 14 1 8 2 9 14 12 19 17 11 2 14 9 15 19 16 6 1 15 7 13 16 20 8 5 20 15 16 14 2 13 18 6 9 79
10 5 6 8 4 10 18 19 2 19 11 11 7 20 10 6 2 19 2 11 8 6 19 11 10 19 2 16 16 17 3 1 14 18 13 15 15 20 18 5 7 8 11 12 17 9 17 6 9 11 52
6 4 4 12 17 1 11 10 20 15 12 18 13 17 4 5 15 3 2 6 1 9 1 15 19 5 4 7 18 14 4 14 8 8 10 3 12 17 12 20 12 3 20 9 3 12 6 10 10 20 21
4 7 13 3 14 13 17 5 10 8 5 1 19 9 3 19 9 3 18 2 4 2 8 6 3 16 10 7 10 17 19 14 5 14 19 6 18 10 11 13 17 16 10 20 13 9 17 14 15 20 96
18 6 11 11 3 9 12 18 9 15 18 15 17 15 15 1 18 11 10 2 15 10 14 14 4 19 18 18 11 3 10 20 5 9 7 11 18 9 10 17 8 5 20 4 13 13 1 1 16 15 39
9 14 14 5 17 15 17 2 2 16 13 5 5 2 8 20 19 8 6 14 6 16 16 9 6 4 1 4 20 5 17 3 8 13 4 17 4 20 6 5 3 5 13 14 16 14 16 14 13 2 64
5 7 14 3 16 11 12 12 7 15 3 4 10 18 17 12 15 7 3 11 7 12 11 9 6 8 8 9 10 8 6 2 8 6 14 14 11 15 15 19 10 19 7 10 11 14 9 13 20 4 70
7 11 11 17 1 6 13 11 19 6 20 5 17 14 10 17 1 4 15 15 9 12 16 20 14 6 16 4 1 10 2 4 19 16 15 9 1 12 11 2 11 8 5 8 13 14 15 11 6 17 43
14 7 1 3 11 16 5 2 2 4 15 6 2 10 10 11 9 4 6 17 14 12 14 7 2 20 11 1 18 1 8 10 12 15 14 11 1 3 20 4 8 13 13 3 12 20 8 17 20 6 32
9 17 18 5 16 14 10 6 14 3 5 3 11 1 4 12 9 2 14 8 17 3 20 1 2 10 16 19 6 8 16 10 15 14 14 16 1 5 5 12 14 13 8 5 5 14 4 15 4 1 70
3 19 10 13 19 1 12 15 10 2 9 11 16 2 9 20 10 7 9 15 5 4 8 19 20 6 2 3 11 4 11 3 17 8 9 7 15 12 18 16 17 14 8 19 13 8 11 10 9 5 17
9 10 6 3 5 17 11 14 18 5 15 6 8 2 10 5 16 10 1 6 14 9 4 20 3 16 19 4 13 2 7 6 11 17 17 15 7 17 13 1 1 4 16 2 11 19 5 5 2 14 74
10 6 15 8 5 5 9 10 18 20 9 1 11 1 16 12 17 7 5 11 9 9 20 20 18 18 7 3 20 13 10 19 14 17 11 12 4 19 17 4 1 7 3 2 11 1 12 18 11 14 77
14 1 4 14 7 2 3 19 5 8 12 4 1 14 16 15 2 12 19 19 9 11 17 19 13 15 11 10 4 20 12 6 11 14 14 2 11 13 14 10 12 12 9 4 11 15 1 2 11 7 13
5 3 8 12 12 13 19 16 11 10 14 14 9 10 10 15 11 6 13 6 15 11 19 5 9 12 16 19 14 17 11 5 3 18 6 14 1 19 6 18 6 20 11 3 9 15 9 3 16 2 50
7 6 16 7 7 2 12 10 5 3 20 18 10 8 17 4 4 2 3 10 8 18 9 9 14 7 2 17 18 19 19 16 4 12 1 17 11 18 6 18 12 8 17 11 19 9 12 15 18 7 27
15 15 18 2 15 18 8 2 4 9 2 14 12 17 18 16 13 18 18 10 3 8 8 14 3 2 3 10 15 5 8 20 13 14 19 8 18 16 9 2 10 10 10 10 15 19 7 3 3 2 98
9 5 20 17 4 3 4 7 12 9 12 9 8 8 13 9 3 14 20 14 9 17 17 16 8 1 10 13 13 13 16 8 8 8 7 14 3 6 14 18 7 3 13 1 19 8 11 7 6 6 85
3 13 1 10 8 4 16 14 1 16 12 6 9 7 11 15 17 5 10 8 2 2 5 12 17 9 17 6 4 8 19 12 8 10 13 19 9 2 9 12 15 18 3 3 14 17 12 14 20 1 93
4 20 11 6 15 12 17 17 14 15 13 7 11 14 7 18 9 19 6 20 3 9 17 20 7 11 11 17 19 14 5 19 12 3 5 18 4 4 17 13 13 17 14 8 18 14 3 1 14 13 51
12 1 8 18 8 14 12 2 15 6 9 4 2 18 20 12 1 14 10 12 18 9 14 5 10 6 19 5 20 10 3 20 18 5 1 16 2 20 13 12 3 3 17 11 14 11 11 3 19 14 35
8 8 17 5 3 15 13 5 17 1 3 4 8 16 15 14 12 8 4 6 4 5 14 9 18 12 7 9 14 17 16 17 6 6 4 11 2 20 16 3 4 9 16 5 9 1 19 3 6 10 82
6 5 6 8 5 19 16 13 12 8 19 4 3 16 14 1 15 3 18 14 7 8 5 7 1 19 16 8 15 17 18 3 7 19 8 8 2 12 16 17 10 17 13 9 8 7 6 19 13 15 24
16 6 13 18 7 13 3 8 3 6 3 5 16 2 10 20 5 4 14 2 18 4 3 17 19 1 2 17 3 17 5 8 12 14 2 20 17 9 1 3 20 18 14 17 5 15 12 5 5 1 50
9 19 1 11 8 18 16 13 7 13 14 13 6 1 20 5 13 12 8 3 9 3 12 11 10 18 2 8 3 6 17 19 17 20 17 16 17 9 13 14 17 10 4 9 19 10 8 11 5 18 99
3 10 14 6 9 15 1 7 4 17 6 15 9 16 15 12 13 16 1 13 7 10 10 11 7 18 3 8 8 17 2 10 16 6 20 20 20 15 7 16 4 13 11 6 5 12 11 15 13 20 82
12 3 3 11 5 12 7 14 2 17 18 7 3 15 14 9 12 12 10 13 19 13 6 1 13 7 1 4 13 9 12 15 8 8 8 2 12 9 3 7 14 12 18 11 20 2 10 3 20 11 73
3 10 2 9 19 9 18 20 11 3 17 4 14 14 20 10 4 3 6 20 12 18 2 19 19 10 6 10 9 18 4 8 16 17 14 15 14 7 4 14 19 4 1 4 4 4 14 14 11 7 52
7 2 18 9 3 14 19 18 14 5 4 1 4 3 8 12 20 5 1 1 18 18 19 11 4 10 17 19 12 11 10 16 7 4 11 8 17 20 1 7 10 18 17 6 15 17 9 15 9 11 57
2 9 16 6 7 4 16 13 13 7 4 4 10 11 4 19 9 1 4 12 20 3 7 7 8 4 7 8 13 13 1 7 2 11 10 6 6 9 14 7 1 20 3 7 20 7 4 20 3 1 97
16 5 3 6 9 5 6 11 18 18 14 12 16 19 18 16 5 20 6 8 6 15 20 16 9 13 10 3 4 18 11 19 18 6 13 20 11 17 2 4 20 16 18 1 11 8 20 4 5 12 91
11 2 16 16 15 2 18 2 20 6 10 14 15 19 14 19 4 17 6 10 19 15 8 4 19 5 11 8 6 17 5 14 7 11 10 13 14 1 17 8 11 20 15 16 16 10 9 5 15 5 70
9 6 7 7 14 20 16 19 1 20 2 9 4 16 1 13 19 3 11 2 12 8 10 8 9 12 19 14 12 1 6 8 15 12 12 6 3 4 8 17 6 4 9 13 11 2 10 8 2 10 22
5 9 8 20 18 7 9 17 20 7 12 12 3 11 10 15 2 5 4 8 8 6 4 18 5 18 16 20 6 6 11 15 11 10 8 18 9 1 19 20 12 20 9 12 17 9 1 11 3 12 98
14 5 12 17 6 7 20 20 12 7 11 2 17 14 12 5 5 4 6 4 16 18 16 2 4 5 16 11 8 18 7 12 16 20 20 17 16 14 17 13 16 8 12 9 17 10 14 17 12 6 63
10 18 9 6 10 1 14 2 12 14 14 15 14 20 6 16 1 2 2 19 5 16 6 6 15 6 10 19 19 18 6 16 14 10 10 5 11 18 17 20 20 19 3 6 8 16 16 16 10 9 67
13 15 17 6 16 4 3 16 20 2 9 17 13 19 9 19 16 8 5 17 1 5 2 18 1 20 17 18 11 16 20 9 5 9 3 8 2 5 8 17 18 20 17 9 17 15 10 9 12 13 70
20 15 1 13 3 18 14 7 5 10 14 6 3 15 12 14 2 18 5 5 15 16 20 15 15 4 5 1 17 16 5 9 6 14 17 2 13 13 10 3 15 1 9 11 3 13 9 1 5 7 67
8 11 16 2 16 1 4 10 17 7 8 18 16 6 17 15 18 18 9 4 12 11 8 15 20 5 3 5 17 17 9 18 13 1 16 10 20 8 15 4 18 7 14 4 6 19 1 12 19 17 61
5 1 12 13 4 2 7 12 8 5 1 16 2 6 16 8 7 8 20 13 14 7 4 11 12 14 14 17 10 15 4 7 1 9 17 19 12 12 12 20 15 3 11 9 10 11 12 3 15 11 41
12 1 19 16 11 9 10 4 14 1 14 4 6 19 15 17 6 7 14 17 9 9 9 2 8 13 11 5 15 14 11 8 11 3 9 17 1 11 3 15 13 11 11 15 11 15 20 15 19 8 67
4 10 7 14 15 17 10 17 4 9 5 1 11 18 7 10 14 4 12 8 17 9 2 17 3 19 18 17 1 20 6 15 2 17 16 1 16 13 1 11 13 1 7 12 7 14 17 15 15 14 21
16 7 1 3 12 18 5 13 5 18 2 8 12 17 8 13 16 2 20 12 20 7 18 6 10 4 18 15 1 2 16 4 1 5 14 4 14 7 6 7 1 20 5 14 5 19 2 16 6 14 44
4 15 6 11 1 6 10 19 20 12 18 7 18 1 4 7 5 11 17 5 11 4 4 13 18 10 6 3 8 4 14 2 1 8 5 6 12 8 8 18 6 19 7 15 14 16 19 11 16 17 37
12 7 3 2 14 4 9 11 7 11 20 13 1 20 11 13 13 4 6 4 9 19 3 8 18 4 16 17 18 17 7 12 13 2 17 3 9 15 7 14 11 11 18 4 10 6 9 10 20 20 53
25 72 56 92 64 46 77 99 41 44 97 85 19 22 19 81 82 80 44 41 22 32 18 12 21 74 74 18 62 94 63 63 100 62 15 34 44 33 31 83 99 34 22 14 68 62 69 58 41 66